,loss,mean_squared_error,root_mean_squared_error,val_loss,val_mean_squared_error,val_root_mean_squared_error
0,158.5461883544922,25137.435546875,158.5478973388672,145.16131591796875,21071.80859375,145.16131591796875
1,158.17227172851562,25019.68359375,158.17611694335938,144.7283935546875,20946.310546875,144.7283935546875
2,157.74647521972656,24885.681640625,157.751953125,144.24827575683594,20807.564453125,144.24827575683594
3,157.28378295898438,24739.21484375,157.28704833984375,143.7167205810547,20654.494140625,143.7167205810547
4,156.7441864013672,24572.294921875,156.75552368164062,143.0950469970703,20476.19140625,143.0950469970703
5,156.14419555664062,24381.755859375,156.14657592773438,142.40480041503906,20279.126953125,142.40480041503906
6,155.44566345214844,24164.556640625,155.44952392578125,141.5498504638672,20036.361328125,141.5498504638672
7,154.5851287841797,23896.669921875,154.58547973632812,140.6129913330078,19772.013671875,140.6129913330078
8,153.66075134277344,23612.6015625,153.66392517089844,139.68099975585938,19510.783203125,139.68099975585938
9,152.7418670654297,23332.564453125,152.75,138.72897338867188,19245.728515625,138.72897338867188
10,151.8087615966797,23047.900390625,151.8153533935547,137.74874877929688,18974.71875,137.74874877929688
11,150.82835388183594,22749.822265625,150.8304443359375,136.6190185546875,18664.755859375,136.6190185546875
12,149.71075439453125,22415.265625,149.71728515625,135.3437957763672,18317.943359375,135.3437957763672
13,148.4768524169922,22047.119140625,148.4827117919922,134.14149475097656,17993.939453125,134.14149475097656
14,147.29849243164062,21698.44921875,147.30393981933594,133.1248321533203,17722.22265625,133.1248321533203
15,146.28469848632812,21399.486328125,146.28562927246094,132.33001708984375,17511.234375,132.33001708984375
16,145.4822540283203,21167.015625,145.48887634277344,131.69076538085938,17342.45703125,131.69076538085938
17,144.859375,20984.263671875,144.8594512939453,131.1327362060547,17195.794921875,131.1327362060547
18,144.30616760253906,20825.0078125,144.3087158203125,130.58644104003906,17052.818359375,130.58644104003906
19,143.76657104492188,20669.841796875,143.7700958251953,130.0366668701172,16909.53515625,130.0366668701172
20,143.21725463867188,20514.1796875,143.2277069091797,129.4900360107422,16767.671875,129.4900360107422
21,142.6753692626953,20358.591796875,142.68353271484375,128.9460906982422,16627.095703125,128.9460906982422
22,142.14559936523438,20206.236328125,142.1486358642578,128.3953399658203,16485.365234375,128.3953399658203
23,141.60858154296875,20053.8359375,141.61155700683594,127.84932708740234,16345.451171875,127.84932708740234
24,141.07054138183594,19900.927734375,141.07064819335938,127.29338836669922,16203.6064453125,127.29338836669922
25,140.51055908203125,19744.9609375,140.51675415039062,126.6862564086914,16049.4052734375,126.68624877929688
26,139.9138946533203,19577.208984375,139.9185791015625,126.0722885131836,15894.2216796875,126.0722885131836
27,139.3117218017578,19408.10546875,139.31297302246094,125.47129821777344,15743.044921875,125.4712905883789
28,138.71151733398438,19242.318359375,138.7166748046875,124.84745025634766,15586.8857421875,124.84745025634766
29,138.0829620361328,19071.3125,138.0989227294922,124.21907806396484,15430.3779296875,124.21907043457031
30,137.4696502685547,18899.548828125,137.4756317138672,123.57465362548828,15270.697265625,123.57466125488281
31,136.83653259277344,18724.287109375,136.8367156982422,122.91085052490234,15107.078125,122.91085052490234
32,136.18777465820312,18547.146484375,136.1879119873047,122.26996612548828,14949.9453125,122.26996612548828
33,135.54627990722656,18375.50390625,135.5562744140625,121.6864242553711,14807.5859375,121.6864242553711
34,134.96559143066406,18219.580078125,134.97991943359375,121.14283752441406,14675.5869140625,121.14283752441406
35,134.43936157226562,18074.705078125,134.44219970703125,120.60192108154297,14544.82421875,120.60192108154297
36,133.90249633789062,17932.91015625,133.913818359375,120.0769271850586,14418.46875,120.0769271850586
37,133.39573669433594,17794.966796875,133.3977813720703,119.56878662109375,14296.6943359375,119.56878662109375
38,132.88427734375,17662.12109375,132.89891052246094,119.06059265136719,14175.4248046875,119.06059265136719
39,132.39205932617188,17529.37890625,132.3985595703125,118.55532836914062,14055.3681640625,118.55533599853516
40,131.89999389648438,17398.0703125,131.90174865722656,118.06161499023438,13938.544921875,118.06161499023438
41,131.41317749023438,17270.552734375,131.41746520996094,117.57987976074219,13825.029296875,117.57987976074219
42,130.9396514892578,17146.166015625,130.94337463378906,117.10318756103516,13713.15625,117.10318756103516
43,130.47052001953125,17023.63671875,130.4746551513672,116.63054656982422,13602.6845703125,116.63054656982422
44,130.00299072265625,16902.728515625,130.010498046875,116.16203308105469,13493.6162109375,116.16202545166016
45,129.54083251953125,16783.09765625,129.54959106445312,115.69743347167969,13385.8984375,115.69744110107422
46,129.08412170410156,16665.015625,129.09304809570312,115.23631286621094,13279.408203125,115.23631286621094
47,128.63290405273438,16548.42578125,128.64068603515625,114.77816009521484,13174.0244140625,114.77815246582031
48,128.183837890625,16432.728515625,128.19020080566406,114.32317352294922,13069.7890625,114.32317352294922
49,127.72178649902344,16318.232421875,127.74283599853516,113.87139129638672,12966.693359375,113.87139129638672
50,127.2804946899414,16204.8037109375,127.29808807373047,113.4221420288086,12864.58203125,113.4221420288086
51,126.85540771484375,16092.888671875,126.85774993896484,112.97575378417969,12763.521484375,112.97575378417969
52,126.4119873046875,15981.8984375,126.4195327758789,112.53063201904297,12663.1435546875,112.53063201904297
53,125.96944427490234,15871.470703125,125.98202514648438,112.0809326171875,12562.13671875,112.0809326171875
54,125.53091430664062,15759.5693359375,125.53712463378906,111.60565185546875,12455.822265625,111.60565185546875
55,125.0558853149414,15641.5029296875,125.06599426269531,111.0923843383789,12341.517578125,111.0923843383789
56,124.55377197265625,15516.2646484375,124.56430053710938,110.59858703613281,12232.046875,110.59858703613281
57,124.07660675048828,15396.087890625,124.08097076416016,110.14900970458984,12132.8046875,110.14900970458984
58,123.63484954833984,15286.36328125,123.63803100585938,109.70545196533203,12035.287109375,109.70545196533203
59,123.1983871459961,15178.822265625,123.20236206054688,109.26432800292969,11938.693359375,109.26432800292969
60,122.76456451416016,15072.208984375,122.7689208984375,108.82471466064453,11842.818359375,108.82471466064453
61,122.33382415771484,14966.076171875,122.3359146118164,108.38658905029297,11747.65234375,108.38658905029297
62,121.89796447753906,14861.0302734375,121.90582275390625,107.95020294189453,11653.2470703125,107.95020294189453
63,121.46711730957031,14756.607421875,121.47677612304688,107.51595306396484,11559.6787109375,107.51594543457031
64,121.04823303222656,14653.3310546875,121.05094146728516,107.08377075195312,11466.93359375,107.08377075195312
65,120.62279510498047,14550.8818359375,120.62703704833984,106.65328216552734,11374.9228515625,106.65328216552734
66,120.20068359375,14448.880859375,120.20349884033203,106.22476959228516,11283.7021484375,106.22476959228516
67,119.77777099609375,14348.078125,119.78346252441406,105.7981948852539,11193.2587890625,105.7981948852539
68,119.35333251953125,14247.7197265625,119.36380767822266,105.37321472167969,11103.5146484375,105.37321472167969
69,118.9410400390625,14148.076171875,118.94568634033203,104.94954681396484,11014.4072265625,104.94954681396484
70,118.52922821044922,14049.3701171875,118.53003692626953,104.52731323242188,10925.9599609375,104.52731323242188
71,118.10974884033203,13951.1083984375,118.11481475830078,104.10635375976562,10838.1328125,104.10635375976562
72,117.69927215576172,13853.7080078125,117.70177459716797,103.68657684326172,10750.90625,103.68657684326172
73,117.28501892089844,13756.705078125,117.28897857666016,103.26715850830078,10664.1064453125,103.26715850830078
74,116.87430572509766,13660.3994140625,116.8777084350586,102.84677124023438,10577.458984375,102.84677124023438
75,116.46174621582031,13563.78515625,116.46366882324219,102.42142486572266,10490.1484375,102.42142486572266
76,116.03749084472656,13466.1650390625,116.04380798339844,101.99029541015625,10402.021484375,101.99029541015625
77,115.6161117553711,13367.8701171875,115.6195068359375,101.56151580810547,10314.7412109375,101.56151580810547
78,115.19876861572266,13270.8046875,115.198974609375,101.13650512695312,10228.5927734375,101.13650512695312
79,114.77890014648438,13174.90625,114.78199005126953,100.71251678466797,10143.0107421875,100.71251678466797
80,114.36302947998047,13079.66015625,114.36634063720703,100.28985595703125,10058.0556640625,100.28985595703125
81,113.94740295410156,12984.6728515625,113.95030975341797,99.86881256103516,9973.779296875,99.86881256103516
82,113.5311508178711,12890.8828125,113.53802490234375,99.44963073730469,9890.2294921875,99.44963073730469
83,113.12238311767578,12797.6015625,113.1264877319336,99.03207397460938,9807.3515625,99.03207397460938
84,112.71321868896484,12705.0771484375,112.716796875,98.61576843261719,9725.0703125,98.61576843261719
85,112.28246307373047,12613.4130859375,112.3094482421875,98.20121765136719,9643.478515625,98.20121765136719
86,111.89401245117188,12521.8720703125,111.90116882324219,97.78833770751953,9562.5595703125,97.78833770751953
87,111.48908233642578,12431.3896484375,111.49613952636719,97.37669372558594,9482.2216796875,97.37669372558594
88,111.08692169189453,12341.541015625,111.09248352050781,96.96625518798828,9402.4541015625,96.96625518798828
89,110.68341064453125,12252.16015625,110.6894760131836,96.55680084228516,9323.21484375,96.55680084228516
90,110.27140045166016,12163.037109375,110.2861557006836,96.14857482910156,9244.548828125,96.14857482910156
91,109.87967681884766,12075.1943359375,109.8871841430664,95.74188995361328,9166.5087890625,95.74188995361328
92,109.47395324707031,11987.3720703125,109.48685455322266,95.33619689941406,9088.9912109375,95.33619689941406
93,109.08490753173828,11900.4453125,109.08916473388672,94.93182373046875,9012.0517578125,94.93182373046875
94,108.69184112548828,11814.1708984375,108.69300842285156,94.5281753540039,8935.576171875,94.5281753540039
95,108.29035186767578,11728.1376953125,108.29652404785156,94.1254653930664,8859.603515625,94.1254653930664
96,107.89800262451172,11642.935546875,107.90243530273438,93.7238540649414,8784.16015625,93.7238540649414
97,107.50325012207031,11557.8720703125,107.5075454711914,93.32322692871094,8709.2255859375,93.32322692871094
98,107.11136627197266,11473.4853515625,107.1143569946289,92.92353820800781,8634.7841796875,92.92353820800781
99,106.70441436767578,11389.5166015625,106.7216796875,92.52499389648438,8560.8740234375,92.52499389648438
100,106.32328796386719,11306.265625,106.33092498779297,92.12755584716797,8487.4873046875,92.12755584716797
101,105.94052124023438,11223.642578125,105.94169616699219,91.73078155517578,8414.5361328125,91.73078155517578
102,105.5489730834961,11141.361328125,105.55264282226562,91.33528137207031,8342.1337890625,91.33528137207031
103,105.16316223144531,11059.572265625,105.16449737548828,90.94103240966797,8270.271484375,90.94103240966797
104,104.77589416503906,10978.4345703125,104.77802276611328,90.54794311523438,8198.9296875,90.54794311523438
105,104.38394165039062,10897.5068359375,104.39112091064453,90.15582275390625,8128.072265625,90.15582275390625
106,103.99697875976562,10817.556640625,104.00748443603516,89.7643814086914,8057.64306640625,89.76437377929688
107,103.62256622314453,10737.884765625,103.62376403808594,89.37364196777344,7987.6484375,89.37364196777344
108,103.23239135742188,10658.59765625,103.240478515625,88.98422241210938,7918.19140625,88.98422241210938
109,102.84895324707031,10580.0869140625,102.85955047607422,88.59617614746094,7849.28271484375,88.59617614746094
110,102.46964263916016,10501.8017578125,102.4782943725586,88.2088623046875,7780.80419921875,88.2088623046875
111,102.0886459350586,10424.015625,102.09806823730469,87.82270812988281,7712.82861328125,87.82270812988281
112,101.69577026367188,10346.6083984375,101.71827697753906,87.43762969970703,7645.33984375,87.43762969970703
113,101.3403091430664,10270.1328125,101.34165954589844,87.05387115478516,7578.376953125,87.05387115478516
114,100.94424438476562,10193.8955078125,100.9648208618164,86.67139434814453,7511.93017578125,86.67139434814453
115,100.580078125,10118.4501953125,100.59050750732422,86.28990173339844,7445.94580078125,86.2898941040039
116,100.21263885498047,10043.3466796875,100.21649932861328,85.90879821777344,7380.32177734375,85.90879821777344
117,99.83972930908203,9968.6279296875,99.843017578125,85.52814483642578,7315.0634765625,85.52814483642578
118,99.45903015136719,9893.955078125,99.4683609008789,85.14824676513672,7250.22412109375,85.14824676513672
119,99.08979797363281,9820.279296875,99.09732055664062,84.76907348632812,7185.79541015625,84.76907348632812
120,98.71735382080078,9746.48046875,98.7242660522461,84.39044952392578,7121.748046875,84.39044952392578
121,98.34907531738281,9673.4248046875,98.35356903076172,84.01245880126953,7058.09326171875,84.01245880126953
122,97.96612548828125,9600.4208984375,97.98173522949219,83.63526916503906,6994.85888671875,83.63526916503906
123,97.6077880859375,9528.3818359375,97.6134262084961,83.25961303710938,6932.1640625,83.25961303710938
124,97.24088287353516,9456.451171875,97.2442855834961,82.8851318359375,6869.94482421875,82.8851318359375
125,96.87484741210938,9385.15234375,96.87699127197266,82.51177215576172,6808.19287109375,82.51177215576172
126,96.50871276855469,9314.3740234375,96.5110092163086,82.1386947631836,6746.765625,82.1386947631836
127,96.13645935058594,9243.6943359375,96.14412689208984,81.7666244506836,6685.78076171875,81.7666244506836
128,95.77775573730469,9173.71875,95.77953338623047,81.39541625976562,6625.21337890625,81.39541625976562
129,95.4024658203125,9104.0341796875,95.4150619506836,81.02510833740234,6565.068359375,81.02510833740234
130,95.0472412109375,9034.9794921875,95.05250549316406,80.65591430664062,6505.37646484375,80.65591430664062
131,94.68511962890625,8966.1796875,94.68991088867188,80.28877258300781,6446.28759765625,80.28877258300781
132,94.3280029296875,8898.2958984375,94.33078002929688,79.92304229736328,6387.6923828125,79.92304229736328
133,93.96707153320312,8830.8017578125,93.97234344482422,79.55813598632812,6329.4970703125,79.55813598632812
134,93.59587860107422,8763.8212890625,93.61528015136719,79.19386291503906,6271.66748046875,79.19386291503906
135,93.24248504638672,8696.708984375,93.25614929199219,78.83058166503906,6214.2607421875,78.83058166503906
136,92.89120483398438,8630.47265625,92.90033721923828,78.46903991699219,6157.390625,78.46903991699219
137,92.54522705078125,8564.72265625,92.54578399658203,78.10848999023438,6100.93603515625,78.10848999023438
138,92.18993377685547,8499.4169921875,92.1922836303711,77.74895477294922,6044.900390625,77.74895477294922
139,91.82991790771484,8434.3984375,91.83898162841797,77.39024353027344,5989.24951171875,77.39024353027344
140,91.48621368408203,8369.83984375,91.48682403564453,77.03184509277344,5933.90625,77.03185272216797
141,91.13253021240234,8305.546875,91.13477325439453,76.6720199584961,5878.59912109375,76.6720199584961
142,90.7735595703125,8240.94921875,90.77967071533203,76.28768920898438,5819.8115234375,76.28768920898438
143,90.39289093017578,8171.14697265625,90.39439392089844,75.87684631347656,5757.29541015625,75.87684631347656
144,89.97600555419922,8099.3515625,89.99639892578125,75.50578308105469,5701.1240234375,75.50578308105469
145,89.62591552734375,8034.2470703125,89.63395690917969,75.137451171875,5645.63720703125,75.137451171875
146,89.25914001464844,7969.43603515625,89.27169799804688,74.77045440673828,5590.62158203125,74.77045440673828
147,88.90148162841797,7905.109375,88.91068267822266,74.40504455566406,5536.111328125,74.40504455566406
148,88.5500717163086,7841.701171875,88.55338287353516,74.04145050048828,5482.13623046875,74.04145050048828
149,88.19033813476562,7778.55908203125,88.19613647460938,73.67986297607422,5428.72265625,73.67986297607422
150,87.8282699584961,7716.048828125,87.8410415649414,73.3197250366211,5375.7822265625,73.3197250366211
151,87.48446655273438,7654.01513671875,87.48722839355469,72.96085357666016,5323.28662109375,72.96085357666016
152,87.12968444824219,7592.4755859375,87.13481140136719,72.60398864746094,5271.3388671875,72.60398864746094
153,86.78269958496094,7531.54345703125,86.78446197509766,72.24927520751953,5219.95751953125,72.24927520751953
154,86.43534088134766,7471.33251953125,86.4368667602539,71.8965072631836,5169.107421875,71.8965072631836
155,86.08821105957031,7411.31298828125,86.08898162841797,71.54512786865234,5118.705078125,71.54512786865234
156,85.72740936279297,7352.2578125,85.74530792236328,71.19467163085938,5068.681640625,71.19467163085938
157,85.39557647705078,7293.1064453125,85.39968872070312,70.84575653076172,5019.1220703125,70.84575653076172
158,85.05157470703125,7234.5107421875,85.05592346191406,70.49884033203125,4970.0869140625,70.49884033203125
159,84.71236419677734,7176.71142578125,84.71546936035156,70.1535873413086,4921.5263671875,70.1535873413086
160,84.37123107910156,7119.36279296875,84.37631225585938,69.81013488769531,4873.45556640625,69.81013488769531
161,84.0365219116211,7062.4677734375,84.03849029541016,69.46819305419922,4825.83056640625,69.46819305419922
162,83.68511199951172,7005.88232421875,83.7011489868164,69.12787628173828,4778.6630859375,69.12787628173828
163,83.35729217529297,6950.0185546875,83.36676788330078,68.78945922851562,4731.98974609375,68.78945922851562
164,83.03089904785156,6894.71435546875,83.03441619873047,68.45235443115234,4685.7255859375,68.45235443115234
165,82.6943130493164,6839.58984375,82.70181274414062,68.11686706542969,4639.9072265625,68.11686706542969
166,82.36321258544922,6785.15576171875,82.37205505371094,67.78294372558594,4594.52734375,67.78294372558594
167,82.04102325439453,6730.984375,82.04257202148438,67.45049285888672,4549.56884765625,67.45049285888672
168,81.70721435546875,6677.4541015625,81.71569061279297,67.11937713623047,4505.01123046875,67.11937713623047
169,81.38136291503906,6624.18603515625,81.38909912109375,66.78895568847656,4460.7646484375,66.78895568847656
170,81.05587768554688,6571.099609375,81.06231689453125,66.45978546142578,4416.9033203125,66.45978546142578
171,80.7266616821289,6518.384765625,80.73651885986328,66.13133239746094,4373.353515625,66.13133239746094
172,80.38689422607422,6466.482421875,80.41444396972656,65.80480194091797,4330.27197265625,65.80480194091797
173,80.0871810913086,6414.68212890625,80.09171295166016,65.4803695678711,4287.67919921875,65.4803695678711
174,79.76250457763672,6363.50927734375,79.7716064453125,65.15740203857422,4245.4873046875,65.15740203857422
175,79.44683837890625,6312.64697265625,79.45216369628906,64.83599853515625,4203.70654296875,64.83599853515625
176,79.11316680908203,6262.3408203125,79.13495635986328,64.51599884033203,4162.31396484375,64.51599884033203
177,78.81000518798828,6212.44189453125,78.81904602050781,64.19800567626953,4121.3837890625,64.19800567626953
178,78.50137329101562,6162.92529296875,78.5042953491211,63.8813362121582,4080.824951171875,63.8813362121582
179,78.1856918334961,6113.7587890625,78.1905288696289,63.567081451416016,4040.77392578125,63.567081451416016
180,77.8774185180664,6065.38037109375,77.88055419921875,63.25356674194336,4001.013916015625,63.25356674194336
181,77.56465148925781,6017.072265625,77.56978607177734,62.942466735839844,3961.754638671875,62.94247055053711
182,77.25540924072266,5969.22509765625,77.26075744628906,62.63253402709961,3922.83447265625,62.63253402709961
183,76.93280792236328,5921.86328125,76.95364379882812,62.324005126953125,3884.28173828125,62.324005126953125
184,76.64298248291016,5874.8818359375,76.64778137207031,62.016990661621094,3846.10693359375,62.01698684692383
185,76.34307861328125,5828.32275390625,76.34345245361328,61.711029052734375,3808.251220703125,61.711029052734375
186,76.03187561035156,5782.1357421875,76.04035186767578,61.40517807006836,3770.595947265625,61.40517807006836
187,75.73274230957031,5735.8828125,75.73561096191406,61.08366394042969,3731.2138671875,61.08366394042969
188,75.38845825195312,5686.0361328125,75.40580749511719,60.692176818847656,3683.540283203125,60.692176818847656
189,75.01486206054688,5628.197265625,75.02131652832031,60.34794998168945,3641.875244140625,60.34794998168945
190,74.66902923583984,5577.3720703125,74.68180084228516,60.03449630737305,3604.14111328125,60.03449630737305
191,74.36067199707031,5530.72802734375,74.36886596679688,59.72240447998047,3566.765869140625,59.72240447998047
192,74.05264282226562,5484.48095703125,74.05728149414062,59.412689208984375,3529.867919921875,59.412689208984375
193,73.73229217529297,5438.84375,73.74851989746094,59.1056022644043,3493.472412109375,59.1056022644043
194,73.43380737304688,5393.9541015625,73.44354248046875,58.80033493041992,3457.4794921875,58.80033493041992
195,73.1294937133789,5349.1513671875,73.13789367675781,58.49776840209961,3421.98876953125,58.49776840209961
196,72.83293914794922,5305.13037109375,72.8363265991211,58.19822311401367,3387.032958984375,58.19822311401367
197,72.52991485595703,5261.66357421875,72.53732299804688,57.90167999267578,3352.6044921875,57.90167999267578
198,72.2370834350586,5218.689453125,72.24049377441406,57.607704162597656,3318.647705078125,57.607704162597656
199,71.93197631835938,5176.27490234375,71.94633483886719,57.316009521484375,3285.125244140625,57.316009521484375
200,71.6502685546875,5134.2529296875,71.65370178222656,57.02611541748047,3251.97802734375,57.02611541748047
201,71.36167907714844,5092.779296875,71.36370849609375,56.738868713378906,3219.299072265625,56.738868713378906
202,71.05892181396484,5051.66455078125,71.07506561279297,56.45391082763672,3187.044189453125,56.45391082763672
203,70.78783416748047,5011.11572265625,70.78923034667969,56.171287536621094,3155.21337890625,56.171287536621094
204,70.49552917480469,4970.84326171875,70.50420379638672,55.892234802246094,3123.942138671875,55.892234802246094
205,70.2137222290039,4931.564453125,70.22509765625,55.61623764038086,3093.16650390625,55.616241455078125
206,69.93733978271484,4892.55126953125,69.94676971435547,55.342533111572266,3062.7958984375,55.342533111572266
207,69.66852569580078,4854.009765625,69.67072296142578,55.07084655761719,3032.7978515625,55.07084274291992
208,69.38883209228516,4815.68505859375,69.39513397216797,54.80147171020508,3003.201171875,54.80147171020508
209,69.11457061767578,4777.85498046875,69.12203216552734,54.5328483581543,2973.831298828125,54.53284454345703
210,68.8313980102539,4740.2646484375,68.84957885742188,54.26596450805664,2944.795166015625,54.26596450805664
211,68.57708740234375,4703.24609375,68.58021545410156,54.001182556152344,2916.127685546875,54.001182556152344
212,68.29409790039062,4666.55419921875,68.31217956542969,53.73837661743164,2887.812744140625,53.738372802734375
213,68.03729248046875,4630.10009765625,68.04483795166016,53.479103088378906,2860.0146484375,53.479103088378906
214,67.76979064941406,4594.37158203125,67.78179168701172,53.22263717651367,2832.649169921875,53.22263717651367
215,67.51425170898438,4558.96923828125,67.5201416015625,52.96791076660156,2805.599365234375,52.96791076660156
216,67.25691223144531,4523.8505859375,67.25957489013672,52.71528625488281,2778.9013671875,52.71528625488281
217,66.97663879394531,4489.26318359375,67.00196075439453,52.46549606323242,2752.62841796875,52.46549606323242
218,66.74476623535156,4455.09228515625,66.74647521972656,52.218467712402344,2726.768310546875,52.218467712402344
219,66.48729705810547,4421.35986328125,66.4933090209961,51.9729118347168,2701.18359375,51.9729118347168
220,66.235595703125,4387.94189453125,66.24153900146484,51.72905731201172,2675.895263671875,51.72905731201172
221,65.9736328125,4354.75439453125,65.99056243896484,51.48710632324219,2650.922119140625,51.48710632324219
222,65.73979949951172,4321.9638671875,65.74164581298828,51.24790573120117,2626.347900390625,51.24790573120117
223,65.45784759521484,4289.66845703125,65.49555969238281,51.01164627075195,2602.188232421875,51.01164627075195
224,65.24163818359375,4257.59130859375,65.2502212524414,50.77803421020508,2578.40869140625,50.77803421020508
225,65.00334167480469,4226.15771484375,65.00890350341797,50.546207427978516,2554.9189453125,50.546207427978516
226,64.76754760742188,4194.90234375,64.76806640625,50.31563949584961,2531.663818359375,50.31563949584961
227,64.5240249633789,4164.0048828125,64.52909851074219,50.087711334228516,2508.779052734375,50.087711334228516
228,64.288330078125,4133.4248046875,64.29171752929688,49.86273193359375,2486.2919921875,49.86273193359375
229,64.04424285888672,4103.4736328125,64.05835723876953,49.63954162597656,2464.083984375,49.63954162597656
230,63.82024002075195,4073.48974609375,63.82389450073242,49.41965866088867,2442.302734375,49.41965866088867
231,63.59147262573242,4044.10595703125,63.593284606933594,49.20155334472656,2420.79296875,49.20155334472656
232,63.35455322265625,4014.99365234375,63.363975524902344,48.98462677001953,2399.494140625,48.9846305847168
233,63.12214279174805,3986.01123046875,63.134864807128906,48.77037048339844,2378.54931640625,48.77037048339844
234,62.8899040222168,3957.5234375,62.90884780883789,48.55847930908203,2357.926025390625,48.55847930908203
235,62.67216491699219,3929.504638671875,62.685760498046875,48.3480224609375,2337.531494140625,48.3480224609375
236,62.452392578125,3901.6806640625,62.463436126708984,48.1400032043457,2317.459716796875,48.13999938964844
237,62.235687255859375,3874.18505859375,62.242950439453125,47.935546875,2297.81640625,47.935546875
238,62.02528381347656,3847.165771484375,62.0255241394043,47.7342414855957,2278.557861328125,47.7342414855957
239,61.80751419067383,3820.51611328125,61.81032180786133,47.534950256347656,2259.571533203125,47.534950256347656
240,61.58491516113281,3794.1005859375,61.59627151489258,47.33860778808594,2240.94384765625,47.33860778808594
241,61.375030517578125,3768.34521484375,61.38684844970703,47.144256591796875,2222.5810546875,47.144256591796875
242,61.15869903564453,3742.63037109375,61.177040100097656,46.95219421386719,2204.508544921875,46.95219421386719
243,60.95181655883789,3717.572998046875,60.971900939941406,46.7630729675293,2186.784912109375,46.7630729675293
244,60.75971984863281,3692.48095703125,60.765785217285156,46.57669448852539,2169.388427734375,46.57669448852539
245,60.55427551269531,3667.892333984375,60.56312561035156,46.392433166503906,2152.2578125,46.392433166503906
246,60.3565559387207,3643.71484375,60.363189697265625,46.211055755615234,2135.461181640625,46.21105194091797
247,60.162757873535156,3619.778076171875,60.164588928222656,46.03267288208008,2119.007080078125,46.03267288208008
248,59.96646499633789,3596.298828125,59.969146728515625,45.85685348510742,2102.850830078125,45.85685348510742
249,59.77159118652344,3573.151123046875,59.775840759277344,45.68290328979492,2086.927734375,45.68290328979492
250,59.57350540161133,3550.206298828125,59.5836067199707,45.51133728027344,2071.281982421875,45.51133728027344
251,59.37001037597656,3527.508056640625,59.392826080322266,45.341068267822266,2055.8125,45.341068267822266
252,59.192962646484375,3505.31640625,59.205711364746094,45.17341232299805,2040.63720703125,45.17341232299805
253,58.997989654541016,3483.103759765625,59.017826080322266,45.00996017456055,2025.896728515625,45.00996017456055
254,58.811317443847656,3461.5361328125,58.83481979370117,44.849952697753906,2011.518310546875,44.849952697753906
255,58.654170989990234,3440.408203125,58.654991149902344,44.69180679321289,1997.357666015625,44.69180679321289
256,58.46576690673828,3419.501220703125,58.47650146484375,44.53496170043945,1983.3626708984375,44.53496170043945
257,58.29227828979492,3398.72119140625,58.29854965209961,44.380706787109375,1969.6470947265625,44.380706787109375
258,58.120059967041016,3378.40234375,58.124027252197266,44.2299919128418,1956.292236328125,44.2299919128418
259,57.94739532470703,3358.25,57.950408935546875,44.08116149902344,1943.14892578125,44.08116149902344
260,57.7735595703125,3338.62548828125,57.78083801269531,43.93421936035156,1930.2158203125,43.93421936035156
261,57.60639572143555,3318.948974609375,57.610321044921875,43.79005432128906,1917.5692138671875,43.79005813598633
262,57.427066802978516,3299.634765625,57.442447662353516,43.64719009399414,1905.077392578125,43.64719009399414
263,57.256103515625,3280.6552734375,57.27700424194336,43.50642013549805,1892.808837890625,43.50642013549805
264,57.0960578918457,3261.74755859375,57.11170959472656,43.36777114868164,1880.763671875,43.36777114868164
265,56.93840408325195,3243.14306640625,56.94860076904297,43.23215103149414,1869.01904296875,43.23215103149414
266,56.76872253417969,3225.183349609375,56.79069900512695,43.09824752807617,1857.4588623046875,43.09824752807617
267,56.61465835571289,3207.01123046875,56.63047790527344,42.96749496459961,1846.2056884765625,42.96749496459961
268,56.47099304199219,3189.225341796875,56.47322463989258,42.83833694458008,1835.1231689453125,42.83833694458008
269,56.30769348144531,3171.875,56.319400787353516,42.712249755859375,1824.3363037109375,42.712249755859375
270,56.14109802246094,3154.627197265625,56.16606903076172,42.589908599853516,1813.9002685546875,42.589908599853516
271,56.00621795654297,3137.960205078125,56.01749801635742,42.470088958740234,1803.7083740234375,42.470088958740234
272,55.86140060424805,3121.69921875,55.87216567993164,42.35197448730469,1793.689697265625,42.35197448730469
273,55.710506439208984,3105.610107421875,55.72800064086914,42.23652267456055,1783.9239501953125,42.23652267456055
274,55.574363708496094,3089.505859375,55.58332443237305,42.12287139892578,1774.3363037109375,42.12287139892578
275,55.43395233154297,3073.80712890625,55.441925048828125,42.010292053222656,1764.8648681640625,42.010292053222656
276,55.28450393676758,3058.130859375,55.30036926269531,41.900760650634766,1755.673583984375,41.900760650634766
277,55.14478302001953,3043.217529296875,55.16536331176758,41.79310989379883,1746.6641845703125,41.79310989379883
278,55.02553939819336,3028.1357421875,55.028499603271484,41.68752670288086,1737.8499755859375,41.68752670288086
279,54.88977813720703,3013.51513671875,54.89549255371094,41.584407806396484,1729.26318359375,41.584407806396484
280,54.76157760620117,2999.0712890625,54.76377487182617,41.485069274902344,1721.010986328125,41.485069274902344
281,54.62740707397461,2984.79052734375,54.633235931396484,41.38309860229492,1712.56103515625,41.38309860229492
282,54.485931396484375,2970.716064453125,54.504276275634766,41.28574752807617,1704.512939453125,41.28574752807617
283,54.369991302490234,2956.85546875,54.376976013183594,41.18912887573242,1696.5443115234375,41.18912887573242
284,54.24584197998047,2943.200927734375,54.25127410888672,41.09157180786133,1688.5172119140625,41.09157180786133
285,54.11063766479492,2929.611328125,54.125885009765625,40.99430465698242,1680.533203125,40.99430465698242
286,53.98929977416992,2915.636474609375,53.99663162231445,40.87754821777344,1670.973876953125,40.87754821777344
287,53.84405517578125,2900.5537109375,53.856788635253906,40.76945114135742,1662.148193359375,40.76945114135742
288,53.71034622192383,2887.103759765625,53.731773376464844,40.67146301269531,1654.16796875,40.67146301269531
289,53.60026168823242,2873.455322265625,53.604618072509766,40.57572937011719,1646.3896484375,40.57572937011719
290,53.47886276245117,2860.12890625,53.48017120361328,40.470367431640625,1637.850830078125,40.470367431640625
291,53.28658676147461,2846.102294921875,53.348873138427734,40.331668853759766,1626.6434326171875,40.331668853759766
292,53.200096130371094,2831.236572265625,53.20936584472656,40.21661376953125,1617.3760986328125,40.21661376953125
293,53.063018798828125,2816.281494140625,53.06864929199219,40.103431701660156,1608.2852783203125,40.103431701660156
294,52.91400146484375,2801.74658203125,52.93152618408203,39.93581771850586,1594.8695068359375,39.93581771850586
295,52.73162078857422,2783.17138671875,52.75577163696289,39.785438537597656,1582.8809814453125,39.785438537597656
296,52.611080169677734,2768.297119140625,52.61460876464844,39.60306167602539,1568.40283203125,39.603065490722656
297,52.4300537109375,2750.109130859375,52.44148254394531,39.494415283203125,1559.8089599609375,39.494415283203125
298,52.29126739501953,2735.775634765625,52.30464172363281,39.3038444519043,1544.7923583984375,39.3038444519043
299,52.10060119628906,2718.169677734375,52.136070251464844,39.17072296142578,1534.345703125,39.17072296142578
300,51.980613708496094,2702.468994140625,51.98527526855469,39.02553176879883,1522.9920654296875,39.02553176879883
301,51.83339309692383,2687.493896484375,51.84104537963867,38.89974594116211,1513.1903076171875,38.89974594116211
302,51.692440032958984,2672.586669921875,51.69706726074219,38.765560150146484,1502.7685546875,38.765560150146484
303,51.54456329345703,2657.312744140625,51.549129486083984,38.64255142211914,1493.2467041015625,38.64255142211914
304,51.407344818115234,2642.99755859375,51.410091400146484,38.53654098510742,1485.0650634765625,38.53654098510742
305,51.264869689941406,2628.915283203125,51.27294921875,38.37845993041992,1472.9063720703125,38.37845993041992
306,51.11480712890625,2612.84375,51.11598205566406,38.22225570678711,1460.94091796875,38.22225570678711
307,50.957916259765625,2598.0859375,50.97142028808594,38.1167106628418,1452.8836669921875,38.1167106628418
308,50.829200744628906,2583.999267578125,50.83305358886719,37.99447250366211,1443.580078125,37.99447250366211
309,50.68620681762695,2569.154052734375,50.68682098388672,37.851314544677734,1432.721923828125,37.851314544677734
310,50.52898025512695,2554.577880859375,50.54283142089844,37.72871017456055,1423.4559326171875,37.72871398925781
311,50.392330169677734,2540.749755859375,50.40584945678711,37.61800003051758,1415.114013671875,37.61800003051758
312,50.257835388183594,2526.8369140625,50.26765441894531,37.51039505004883,1407.02978515625,37.51039505004883
313,50.15340805053711,2515.72216796875,50.15697479248047,37.39741897583008,1398.567138671875,37.39741897583008
314,49.98859405517578,2500.99267578125,50.009925842285156,37.31866455078125,1392.682861328125,37.31866455078125
315,49.892845153808594,2489.976806640625,49.89966583251953,37.21227264404297,1384.753173828125,37.21227264404297
316,49.74687194824219,2474.805419921875,49.747413635253906,37.047847747802734,1372.54296875,37.047847747802734
317,49.60173034667969,2461.877685546875,49.617313385009766,36.94365692138672,1364.8338623046875,36.94365692138672
318,49.467018127441406,2447.998046875,49.47724914550781,36.90189743041992,1361.7501220703125,36.90189743041992
319,49.36065673828125,2436.848876953125,49.36444854736328,36.7673225402832,1351.836181640625,36.7673225402832
320,49.21727752685547,2423.62158203125,49.23029327392578,36.65022659301758,1343.239013671875,36.65022659301758
321,49.079036712646484,2410.455322265625,49.09638595581055,36.52460861206055,1334.0469970703125,36.52460861206055
322,48.928611755371094,2396.413818359375,48.95317840576172,36.41978454589844,1326.4007568359375,36.41978454589844
323,48.81050491333008,2384.435791015625,48.830684661865234,36.32151794433594,1319.2525634765625,36.32151794433594
324,48.70873260498047,2373.904052734375,48.72272491455078,36.21969985961914,1311.8665771484375,36.219696044921875
325,48.57570266723633,2359.854736328125,48.57833480834961,36.17183303833008,1308.4014892578125,36.17183303833008
326,48.460689544677734,2349.25244140625,48.469085693359375,36.054344177246094,1299.915771484375,36.054344177246094
327,48.336910247802734,2336.4677734375,48.33702087402344,35.93143844604492,1291.0682373046875,35.93143844604492
328,48.20829772949219,2324.49462890625,48.2130126953125,35.83245086669922,1283.9644775390625,35.83244705200195
329,48.079471588134766,2311.885498046875,48.082069396972656,35.7442512512207,1277.6513671875,35.7442512512207
330,47.96115493774414,2300.477294921875,47.96329116821289,35.64321517944336,1270.4388427734375,35.64321517944336
331,47.83812713623047,2289.123291015625,47.844783782958984,35.54755783081055,1263.6287841796875,35.54755783081055
332,47.70830535888672,2277.835205078125,47.72666931152344,35.457557678222656,1257.2384033203125,35.457557678222656
333,47.598148345947266,2265.8955078125,47.60142517089844,35.37623596191406,1251.4781494140625,35.37623596191406
334,47.47793197631836,2254.5166015625,47.48175048828125,35.285919189453125,1245.09619140625,35.285919189453125
335,47.36199188232422,2243.399169921875,47.364532470703125,35.200401306152344,1239.0682373046875,35.200401306152344
336,47.239051818847656,2232.035400390625,47.244422912597656,35.0960807800293,1231.7349853515625,35.0960807800293
337,47.13496017456055,2221.80078125,47.135982513427734,35.005924224853516,1225.414794921875,35.005924224853516
338,47.00882339477539,2210.237548828125,47.01316452026367,34.93014907836914,1220.115478515625,34.93014907836914
339,46.87953186035156,2199.24365234375,46.896095275878906,34.83575439453125,1213.52978515625,34.83575439453125
340,46.76346206665039,2188.69970703125,46.783538818359375,34.742095947265625,1207.0133056640625,34.742095947265625
341,46.64912033081055,2177.603515625,46.664798736572266,34.68117904663086,1202.7841796875,34.68117904663086
342,46.54368591308594,2166.644287109375,46.54722595214844,34.62311553955078,1198.760009765625,34.62311553955078
343,46.398677825927734,2155.614501953125,46.42859649658203,34.5015983581543,1190.3603515625,34.5015983581543
344,46.295719146728516,2143.611328125,46.29915237426758,34.390350341796875,1182.6961669921875,34.390350341796875
345,46.184173583984375,2134.473876953125,46.20036697387695,34.300174713134766,1176.5020751953125,34.300174713134766
346,46.05363082885742,2121.516845703125,46.0599250793457,34.218116760253906,1170.8795166015625,34.218116760253906
347,45.92493438720703,2110.370361328125,45.93877029418945,34.119140625,1164.11572265625,34.119140625
348,45.81321716308594,2099.516357421875,45.82048034667969,34.05933380126953,1160.038330078125,34.05933380126953
349,45.70361328125,2089.07568359375,45.70640563964844,33.962276458740234,1153.4361572265625,33.962276458740234
350,45.59247970581055,2079.17138671875,45.597930908203125,33.847190856933594,1145.63232421875,33.847190856933594
351,45.478519439697266,2069.646728515625,45.493370056152344,33.772010803222656,1140.548828125,33.772010803222656
352,45.34852600097656,2057.693359375,45.3618049621582,33.788936614990234,1141.6923828125,33.788936614990234
353,45.28709030151367,2051.339111328125,45.291709899902344,33.776580810546875,1140.8575439453125,33.776580810546875
354,45.150306701660156,2040.3492431640625,45.170223236083984,33.51387405395508,1123.1798095703125,33.51387405395508
355,45.023590087890625,2029.4136962890625,45.049015045166016,33.41874313354492,1116.8123779296875,33.41874313354492
356,44.94462966918945,2021.345458984375,44.959373474121094,33.34837341308594,1112.1141357421875,33.34837341308594
357,44.810081481933594,2009.9559326171875,44.8325309753418,33.3316535949707,1110.9991455078125,33.3316535949707
358,44.72025680541992,1999.9874267578125,44.72121810913086,33.203773498535156,1102.4906005859375,33.203773498535156
359,44.613121032714844,1990.4266357421875,44.61419677734375,33.16358947753906,1099.82373046875,33.16358947753906
360,44.50605010986328,1981.87548828125,44.51826095581055,33.14891052246094,1098.850341796875,33.14891052246094
361,44.4200553894043,1973.779052734375,44.42723083496094,33.046844482421875,1092.0941162109375,33.046844482421875
362,44.2970085144043,1963.82568359375,44.31507110595703,32.94290542602539,1085.235107421875,32.94290542602539
363,44.20137023925781,1954.851318359375,44.21369934082031,32.85456848144531,1079.4227294921875,32.85456848144531
364,44.109195709228516,1946.031494140625,44.11384582519531,32.74052047729492,1071.941650390625,32.74052047729492
365,44.00417709350586,1938.3382568359375,44.02656173706055,32.6754035949707,1067.68212890625,32.6754035949707
366,43.91349411010742,1928.8795166015625,43.919010162353516,32.629302978515625,1064.67138671875,32.629302978515625
367,43.82112121582031,1920.817138671875,43.827125549316406,32.54037094116211,1058.8758544921875,32.54037094116211
368,43.71451187133789,1912.0406494140625,43.72688674926758,32.5037956237793,1056.496826171875,32.5037956237793
369,43.623966217041016,1903.672607421875,43.63109588623047,32.42312240600586,1051.2587890625,32.42312240600586
370,43.5290412902832,1895.3602294921875,43.535736083984375,32.348655700683594,1046.4356689453125,32.348655700683594
371,43.42622375488281,1887.359130859375,43.44374465942383,32.33370590209961,1045.4686279296875,32.33370590209961
372,43.3475341796875,1879.4530029296875,43.352657318115234,32.23810577392578,1039.29541015625,32.23810577392578
373,43.237125396728516,1870.7210693359375,43.2518310546875,32.15556716918945,1033.9805908203125,32.15556716918945
374,43.19517135620117,1866.46337890625,43.20258331298828,32.0958137512207,1030.141357421875,32.0958137512207
375,43.06711196899414,1857.4947509765625,43.098663330078125,32.00090026855469,1024.0576171875,32.00090026855469
376,43.00993347167969,1850.2843017578125,43.014930725097656,31.926788330078125,1019.3197631835938,31.926788330078125
377,42.90116500854492,1841.13037109375,42.90839385986328,31.95085906982422,1020.857421875,31.95085906982422
378,42.8038444519043,1833.0765380859375,42.8144416809082,31.901599884033203,1017.7120971679688,31.901599884033203
379,42.72948455810547,1825.8922119140625,42.7304573059082,31.823650360107422,1012.7446899414062,31.823650360107422
380,42.605491638183594,1817.584716796875,42.633140563964844,31.721168518066406,1006.2325439453125,31.721168518066406
381,42.55886459350586,1811.8712158203125,42.566078186035156,31.670257568359375,1003.0052490234375,31.670257568359375
382,42.46475601196289,1803.4066162109375,42.46653366088867,31.756410598754883,1008.4696044921875,31.756410598754883
383,42.39597702026367,1798.2650146484375,42.40595626831055,31.596683502197266,998.3504028320312,31.596683502197266
384,42.29241180419922,1789.7242431640625,42.30513381958008,31.492849349975586,991.7996215820312,31.492849349975586
385,42.20119857788086,1782.2757568359375,42.21700668334961,31.48268699645996,991.1596069335938,31.48268699645996
386,42.12137985229492,1775.296142578125,42.13426208496094,31.388076782226562,985.21142578125,31.388076782226562
387,42.04115295410156,1767.929931640625,42.046756744384766,31.323362350463867,981.153076171875,31.323362350463867
388,41.95972442626953,1761.0611572265625,41.964996337890625,31.279584884643555,978.4124755859375,31.279584884643555
389,41.847965240478516,1754.701416015625,41.889156341552734,31.309337615966797,980.2745971679688,31.309337615966797
390,41.821353912353516,1749.481201171875,41.82680130004883,31.1607666015625,970.993408203125,31.1607666015625
391,41.726409912109375,1741.386474609375,41.729923248291016,31.061403274536133,964.8107299804688,31.061403274536133
392,41.64044952392578,1734.6187744140625,41.64875411987305,31.030170440673828,962.8714599609375,31.030170440673828
393,41.5577278137207,1727.7685546875,41.56643295288086,30.999238967895508,960.952880859375,30.999238967895508
394,41.48735427856445,1721.6658935546875,41.49296188354492,30.921478271484375,956.1378173828125,30.921478271484375
395,41.39824676513672,1714.2880859375,41.403961181640625,30.97022247314453,959.1547241210938,30.97022247314453
396,41.3118782043457,1708.24365234375,41.33090591430664,30.90280532836914,954.9833984375,30.90280532836914
397,41.2456169128418,1701.6663818359375,41.251258850097656,30.806982040405273,949.0701904296875,30.806982040405273
398,41.151309967041016,1693.517333984375,41.152366638183594,30.733108520507812,944.5239868164062,30.733108520507812
399,41.0692024230957,1687.533447265625,41.07959747314453,30.7233829498291,943.92626953125,30.7233829498291
400,40.99793243408203,1681.7230224609375,41.00881576538086,30.60702133178711,936.789794921875,30.60702133178711
401,40.90788269042969,1674.1474609375,40.91634750366211,30.562759399414062,934.082275390625,30.562759399414062
402,40.844154357910156,1668.306884765625,40.84490966796875,30.54725456237793,933.134765625,30.54725456237793
403,40.73738098144531,1660.008544921875,40.743202209472656,30.394216537475586,923.8084106445312,30.394216537475586
404,40.66027069091797,1654.3983154296875,40.674293518066406,30.341838836669922,920.627197265625,30.341838836669922
405,40.55864334106445,1647.3109130859375,40.58707809448242,30.356143951416016,921.4954833984375,30.356143951416016
406,40.505699157714844,1641.227783203125,40.51206970214844,30.296142578125,917.856201171875,30.296142578125
407,40.403076171875,1633.8204345703125,40.4205436706543,30.217164993286133,913.0771484375,30.217164993286133
408,40.35733413696289,1629.013671875,40.36104202270508,30.210769653320312,912.690673828125,30.210769653320312
409,40.26619338989258,1622.1483154296875,40.275901794433594,30.282682418823242,917.0408325195312,30.282682418823242
410,40.22880172729492,1619.24560546875,40.23984909057617,30.30394744873047,918.3292236328125,30.30394744873047
411,40.147335052490234,1612.1905517578125,40.15209197998047,30.079734802246094,904.7904663085938,30.079734802246094
412,40.04080581665039,1603.4918212890625,40.04362487792969,30.014583587646484,900.875244140625,30.014583587646484
413,39.963340759277344,1598.0792236328125,39.975982666015625,29.942115783691406,896.5303344726562,29.942115783691406
414,39.88356018066406,1591.1021728515625,39.88862228393555,29.933788299560547,896.0316772460938,29.933788299560547
415,39.80078887939453,1585.3106689453125,39.81595993041992,29.878427505493164,892.720458984375,29.878427505493164
416,39.731571197509766,1579.3153076171875,39.7406005859375,29.813064575195312,888.8189086914062,29.813066482543945
417,39.662837982177734,1573.86962890625,39.67202377319336,29.76453399658203,885.927490234375,29.76453399658203
418,39.602779388427734,1568.9027099609375,39.609375,29.747358322143555,884.9053955078125,29.747358322143555
419,39.54710006713867,1564.5792236328125,39.55476379394531,29.849416732788086,890.9877319335938,29.849416732788086
420,39.54071044921875,1564.1890869140625,39.54983139038086,29.713716506958008,882.905029296875,29.713716506958008
421,39.42441940307617,1554.7567138671875,39.43040084838867,29.60395622253418,876.3941650390625,29.603954315185547
422,39.38581085205078,1551.2794189453125,39.38628387451172,29.545854568481445,872.9575805664062,29.545854568481445
423,39.26426696777344,1541.81103515625,39.265899658203125,29.545841217041016,872.956787109375,29.545841217041016
424,39.1888313293457,1536.3909912109375,39.19682312011719,29.488025665283203,869.5436401367188,29.488025665283203
425,39.0808219909668,1531.0396728515625,39.128501892089844,29.46015167236328,867.9005737304688,29.46015167236328
426,39.0542106628418,1525.76708984375,39.06106948852539,29.402545928955078,864.509765625,29.402545928955078
427,38.99021911621094,1520.51611328125,38.99379348754883,29.358869552612305,861.9431762695312,29.358869552612305
428,38.927425384521484,1515.8001708984375,38.93327713012695,29.35158920288086,861.5157470703125,29.35158920288086
429,38.86486053466797,1510.78173828125,38.8687744140625,29.32291603088379,859.8334350585938,29.32291603088379
430,38.804054260253906,1506.1448974609375,38.80908203125,29.20805549621582,853.1105346679688,29.20805549621582
431,38.75565719604492,1502.7855224609375,38.765777587890625,29.187292098999023,851.8980712890625,29.187292098999023
432,38.73408508300781,1500.6246337890625,38.73789596557617,29.113872528076172,847.6174926757812,29.11387062072754
433,38.58420944213867,1490.90576171875,38.612247467041016,29.10710334777832,847.223388671875,29.10710334777832
434,38.54475021362305,1486.42919921875,38.554237365722656,29.047536849975586,843.7594604492188,29.047536849975586
435,38.46278381347656,1481.60986328125,38.49168395996094,29.04709815979004,843.73388671875,29.04709815979004
436,38.44261932373047,1478.9307861328125,38.45686721801758,29.10960578918457,847.3690795898438,29.10960578918457
437,38.367183685302734,1473.35595703125,38.38431930541992,28.977558135986328,839.6989135742188,28.977558135986328
438,38.32518005371094,1469.24169921875,38.3306884765625,28.97136688232422,839.3401489257812,28.97136688232422
439,38.263301849365234,1464.3919677734375,38.26737594604492,28.9426326751709,837.676025390625,28.9426326751709
440,38.18791198730469,1458.5247802734375,38.190635681152344,28.841360092163086,831.8240356445312,28.841360092163086
441,38.1323356628418,1454.5792236328125,38.138946533203125,28.752769470214844,826.7218017578125,28.752769470214844
442,38.05927276611328,1450.2188720703125,38.08173751831055,28.775188446044922,828.0115356445312,28.775188446044922
443,38.01336669921875,1445.5361328125,38.020206451416016,28.80547332763672,829.7553100585938,28.80547332763672
444,37.93517303466797,1439.8785400390625,37.94573211669922,28.704687118530273,823.9590454101562,28.704687118530273
445,37.895198822021484,1436.243896484375,37.89780807495117,28.693931579589844,823.3416748046875,28.693931579589844
446,37.83283615112305,1431.9739990234375,37.8414306640625,28.693157196044922,823.2972412109375,28.693157196044922
447,37.78047561645508,1428.114013671875,37.7903938293457,28.658052444458008,821.2839965820312,28.658052444458008
448,37.733680725097656,1424.5748291015625,37.74353790283203,28.573963165283203,816.4713745117188,28.573963165283203
449,37.64799880981445,1418.460693359375,37.66245651245117,28.4936466217041,811.8878784179688,28.4936466217041
450,37.62150192260742,1415.656494140625,37.62520980834961,28.486499786376953,811.480712890625,28.486499786376953
451,37.545806884765625,1409.8270263671875,37.54766082763672,28.740798950195312,826.0335083007812,28.740798950195312
452,37.65789794921875,1418.2967529296875,37.6602783203125,28.581783294677734,816.9183959960938,28.581783294677734
453,37.431556701660156,1401.968994140625,37.442874908447266,28.4041748046875,806.7971801757812,28.4041748046875
454,37.387516021728516,1398.8397216796875,37.401065826416016,28.351133346557617,803.7869262695312,28.35113525390625
455,37.3167610168457,1392.7213134765625,37.31917953491211,28.494144439697266,811.916259765625,28.494144439697266
456,37.31970977783203,1393.4141845703125,37.328460693359375,28.42453384399414,807.9541625976562,28.42453384399414
457,37.244140625,1387.194091796875,37.24505615234375,28.299707412719727,800.8734741210938,28.299707412719727
458,37.149654388427734,1381.247802734375,37.16514205932617,28.251792907714844,798.1637573242188,28.25179100036621
459,37.09792709350586,1377.27294921875,37.11162567138672,28.29076385498047,800.3673706054688,28.29076385498047
460,37.05630111694336,1373.78955078125,37.064666748046875,28.198902130126953,795.1781616210938,28.198902130126953
461,36.99640655517578,1368.83203125,36.99773025512695,28.18599510192871,794.4503784179688,28.18599510192871
462,36.921321868896484,1365.037109375,36.946407318115234,28.10779571533203,790.0482177734375,28.10779571533203
463,36.88848114013672,1361.05859375,36.89252471923828,28.033824920654297,785.8953857421875,28.033824920654297
464,36.84052658081055,1357.740234375,36.84752655029297,28.073986053466797,788.148681640625,28.073986053466797
465,36.77394104003906,1353.360107421875,36.78804397583008,28.106630325317383,789.982666015625,28.106630325317383
466,36.74748611450195,1350.9417724609375,36.755157470703125,28.019926071166992,785.1162719726562,28.019926071166992
467,36.69639587402344,1347.4674072265625,36.707862854003906,27.96719741821289,782.1641845703125,27.96719741821289
468,36.636409759521484,1342.3885498046875,36.63862228393555,27.898805618286133,778.3434448242188,27.898805618286133
469,36.58257293701172,1338.7889404296875,36.5894660949707,27.894067764282227,778.0790405273438,27.894067764282227
470,36.53270721435547,1334.856201171875,36.535682678222656,28.016387939453125,784.91796875,28.016387939453125
471,36.51005172729492,1334.2125244140625,36.52687454223633,27.923236846923828,779.7072143554688,27.923236846923828
472,36.452701568603516,1329.0240478515625,36.455780029296875,27.86541748046875,776.4815063476562,27.86541748046875
473,36.4119987487793,1327.100341796875,36.429386138916016,27.84327507019043,775.2479858398438,27.84327507019043
474,36.341209411621094,1320.9722900390625,36.34518051147461,27.939939498901367,780.6402587890625,27.939939498901367
475,36.325233459472656,1319.7564697265625,36.328453063964844,27.816747665405273,773.7714233398438,27.816747665405273
476,36.26356506347656,1316.384765625,36.28201675415039,27.713956832885742,768.0634765625,27.713956832885742
477,36.2098503112793,1311.3056640625,36.211952209472656,27.69390106201172,766.9521484375,27.69390106201172
478,36.172584533691406,1309.2811279296875,36.183990478515625,27.685707092285156,766.4984130859375,27.685707092285156
479,36.100685119628906,1303.671630859375,36.10639190673828,27.70000457763672,767.2902221679688,27.70000457763672
480,36.06525421142578,1300.7490234375,36.06589889526367,27.751035690307617,770.1200561523438,27.751035690307617
481,36.01743698120117,1298.333984375,36.03240203857422,27.67981719970703,766.1723022460938,27.67981719970703
482,35.95676040649414,1293.7928466796875,35.96933364868164,27.574445724487305,760.3500366210938,27.574445724487305
483,35.900550842285156,1290.5577392578125,35.92433166503906,27.643680572509766,764.173095703125,27.643680572509766
484,35.92060089111328,1290.4326171875,35.92259216308594,27.606060028076172,762.0944213867188,27.60605812072754
485,35.818363189697266,1284.233642578125,35.836204528808594,27.51490020751953,757.0697631835938,27.51490020751953
486,35.795047760009766,1281.774658203125,35.8018798828125,27.60755729675293,762.1771850585938,27.60755729675293
487,35.738224029541016,1279.034912109375,35.76359939575195,27.588558197021484,761.1285400390625,27.588558197021484
488,35.67399597167969,1274.0284423828125,35.69353485107422,27.437923431396484,752.8396606445312,27.437923431396484
489,35.65146255493164,1271.9224853515625,35.66402053833008,27.423324584960938,752.0387573242188,27.423324584960938
490,35.595298767089844,1267.5054931640625,35.60204315185547,27.42938804626465,752.3713989257812,27.42938804626465
491,35.5782585144043,1266.158203125,35.58311462402344,27.382850646972656,749.8204956054688,27.382850646972656
492,35.5138053894043,1261.6854248046875,35.52021026611328,27.46038818359375,754.0729370117188,27.46038818359375
493,35.481895446777344,1259.6951904296875,35.492183685302734,27.42854881286621,752.3253173828125,27.42854881286621
494,35.41083526611328,1256.8785400390625,35.45248031616211,27.43503189086914,752.6810302734375,27.43503189086914
495,35.3966178894043,1253.8717041015625,35.41004943847656,27.404096603393555,750.9844970703125,27.404096603393555
496,35.339874267578125,1249.4478759765625,35.347530364990234,27.2431640625,742.18994140625,27.2431640625
497,35.292625427246094,1246.6920166015625,35.30852508544922,27.213523864746094,740.5758666992188,27.213523864746094
498,35.25410842895508,1242.92578125,35.25515365600586,27.238452911376953,741.9334716796875,27.238454818725586
499,35.22483444213867,1241.298583984375,35.2320671081543,27.24057960510254,742.04931640625,27.240581512451172
